-------------------------------------------------------------
----------------------- !PROPERTIES! ------------------------
-------------------------------------------------------------
# -----------------------------------------------------------
$ SCF_Energy
   description: The SCF energy
   geom. index: 1
   prop. index: 1
        SCF Energy:    -2738.9095447323
# -----------------------------------------------------------
$ Mayer_Pop
   description: The Mayer population analysis
   geom. index: 1
   prop. index: 1
     Number of atoms                     : 61
     Threshold for printing              : 0.1000000
     Number of bond orders printed       : 69
  NA   - Mulliken gross atomic population
  ZA   - Total nuclear charge
  QA   - Mulliken gross atomic charge
  VA   - Mayer's total valence
  BVA  - Mayer's bonded valence
  FA   - Mayer's free valence
  ATOM       NA         ZA         QA         VA         BVA        FA
  0   0     6.0864     6.0000    -0.0864     3.7820     3.7820     0.0000
  1   0     6.1312     6.0000    -0.1312     3.8058     3.8058     0.0000
  2   0     7.1494     7.0000    -0.1494     2.9678     2.9678     0.0000
  3   0    25.3084    26.0000     0.6916     2.5432     2.5432     0.0000
  4   0     7.1426     7.0000    -0.1426     2.9620     2.9620     0.0000
  5   0     5.8922     6.0000     0.1078     4.0190     4.0190     0.0000
  6   0     6.1948     6.0000    -0.1948     3.7507     3.7507     0.0000
  7   0     6.1489     6.0000    -0.1489     3.8240     3.8240     0.0000
  8   0     6.0908     6.0000    -0.0908     3.7833     3.7833     0.0000
  9   0     6.1246     6.0000    -0.1246     3.7971     3.7971     0.0000
 10   0     5.8731     6.0000     0.1269     4.0069     4.0069     0.0000
 11   0     6.2038     6.0000    -0.2038     3.7517     3.7517     0.0000
 12   0     6.1472     6.0000    -0.1472     3.8231     3.8231     0.0000
 13   0     7.1544     7.0000    -0.1544     2.9713     2.9713     0.0000
 14   0     5.8671     6.0000     0.1329     4.0297     4.0297     0.0000
 15   0     5.8816     6.0000     0.1184     4.0314     4.0314     0.0000
 16   0     7.1479     7.0000    -0.1479     2.9737     2.9737     0.0000
 17   0     6.1184     6.0000    -0.1184     3.8033     3.8033     0.0000
 18   0     6.0960     6.0000    -0.0960     3.7902     3.7902     0.0000
 19   0     6.1401     6.0000    -0.1401     3.8221     3.8221     0.0000
 20   0     6.2129     6.0000    -0.2129     3.7591     3.7591     0.0000
 21   0     6.2010     6.0000    -0.2010     3.7437     3.7437     0.0000
 22   0     6.1462     6.0000    -0.1462     3.8236     3.8236     0.0000
 23   0     6.0863     6.0000    -0.0863     3.7796     3.7796     0.0000
 24   0     6.1345     6.0000    -0.1345     3.8043     3.8043     0.0000
 25   0     7.1579     7.0000    -0.1579     2.9782     2.9782     0.0000
 26   0     6.1204     6.0000    -0.1204     3.8044     3.8044     0.0000
 27   0     6.0942     6.0000    -0.0942     3.7902     3.7902     0.0000
 28   0     6.1414     6.0000    -0.1414     3.8199     3.8199     0.0000
 29   0     6.2047     6.0000    -0.2047     3.7514     3.7514     0.0000
 30   0     5.8825     6.0000     0.1175     4.0458     4.0458     0.0000
 31   0     5.8726     6.0000     0.1274     4.0388     4.0388     0.0000
 32   0     7.1561     7.0000    -0.1561     2.9795     2.9795     0.0000
 33   0     6.1179     6.0000    -0.1179     3.7972     3.7972     0.0000
 34   0     6.0983     6.0000    -0.0983     3.7919     3.7919     0.0000
 35   0     6.1413     6.0000    -0.1413     3.8213     3.8213     0.0000
 36   0     6.1998     6.0000    -0.1998     3.7508     3.7508     0.0000
 37   0     0.7794     1.0000     0.2206     0.9505     0.9505     0.0000
 38   0     0.7968     1.0000     0.2032     0.9574     0.9574     0.0000
 39   0     0.8146     1.0000     0.1854     0.9698     0.9698     0.0000
 40   0     0.7973     1.0000     0.2027     0.9671     0.9671     0.0000
 41   0     0.7797     1.0000     0.2203     0.9509     0.9509     0.0000
 42   0     0.7978     1.0000     0.2022     0.9587     0.9587     0.0000
 43   0     0.8148     1.0000     0.1852     0.9704     0.9704     0.0000
 44   0     0.7974     1.0000     0.2026     0.9671     0.9671     0.0000
 45   0     0.7974     1.0000     0.2026     0.9565     0.9565     0.0000
 46   0     0.7803     1.0000     0.2197     0.9514     0.9514     0.0000
 47   0     0.7980     1.0000     0.2020     0.9674     0.9674     0.0000
 48   0     0.8126     1.0000     0.1874     0.9687     0.9687     0.0000
 49   0     0.8122     1.0000     0.1878     0.9682     0.9682     0.0000
 50   0     0.7975     1.0000     0.2025     0.9674     0.9674     0.0000
 51   0     0.7794     1.0000     0.2206     0.9504     0.9504     0.0000
 52   0     0.7983     1.0000     0.2017     0.9583     0.9583     0.0000
 53   0     0.7981     1.0000     0.2019     0.9569     0.9569     0.0000
 54   0     0.7803     1.0000     0.2197     0.9512     0.9512     0.0000
 55   0     0.7973     1.0000     0.2027     0.9670     0.9670     0.0000
 56   0     0.8150     1.0000     0.1850     0.9702     0.9702     0.0000
 57   0     0.7972     1.0000     0.2028     0.9562     0.9562     0.0000
 58   0     0.7805     1.0000     0.2195     0.9516     0.9516     0.0000
 59   0     0.7975     1.0000     0.2025     0.9671     0.9671     0.0000
 60   0     0.8138     1.0000     0.1862     0.9691     0.9691     0.0000
      Bond orders larger than 0.1000000
           Atom A     A.N. of A          Atom B    A.N. of B              Bond order
                0             6               1            6                1.656591
                0             6              12            6                1.146092
                0             6              37            1                0.937831
                1             6               2            7                1.067662
                1             6              38            1                0.950955
                2             7               3           26                0.353411
                2             7              10            6                1.586660
                3            26               4            7                0.357152
                3            26              13            7                0.356116
                3            26              16            7                0.350962
                3            26              25            7                0.342897
                3            26              32            7                0.354578
                4             7               5            6                1.590671
                4             7               9            6                1.060790
                5             6               6            6                1.212352
                5             6              10            6                1.057469
                6             6               7            6                1.596896
                6             6              39            1                0.948344
                7             6               8            6                1.145487
                7             6              40            1                0.957915
                8             6               9            6                1.658408
                8             6              41            1                0.937937
                9             6              42            1                0.950269
               10             6              11            6                1.209738
               11             6              12            6                1.595787
               11             6              43            1                0.949116
               12             6              44            1                0.958020
               13             7              14            6                1.587621
               13             7              24            6                1.065004
               14             6              15            6                1.066357
               14             6              21            6                1.211617
               15             6              16            7                1.595558
               15             6              20            6                1.217252
               16             7              17            6                1.065550
               17             6              18            6                1.659417
               17             6              45            1                0.950181
               18             6              19            6                1.147410
               18             6              46            1                0.938106
               19             6              20            6                1.596982
               19             6              47            1                0.958148
               20             6              48            1                0.945701
               21             6              22            6                1.594840
               21             6              49            1                0.945396
               22             6              23            6                1.145105
               22             6              50            1                0.958033
               23             6              24            6                1.656811
               23             6              51            1                0.937907
               24             6              52            1                0.952299
               25             7              26            6                1.067015
               25             7              30            6                1.598965
               26             6              27            6                1.659773
               26             6              53            1                0.950948
               27             6              28            6                1.146635
               27             6              54            1                0.938173
               28             6              29            6                1.596309
               28             6              55            1                0.957898
               29             6              30            6                1.206344
               29             6              56            1                0.948439
               30             6              31            6                1.078026
               31             6              32            7                1.598879
               31             6              36            6                1.206087
               32             7              33            6                1.061235
               33             6              34            6                1.661092
               33             6              57            1                0.948588
               34             6              35            6                1.146584
               34             6              58            1                0.938303
               35             6              36            6                1.598578
               35             6              59            1                0.958089
               36             6              60            1                0.947166
# -------------------------------------------------------------
----------------------- !GEOMETRIES! ------------------------
# -------------------------------------------------------------
------------------------ !GEOMETRY! -------------------------
    Number of atoms:    61 
    Geometry Index:     1 
    Coordinates:
               0 C     -2.829700000000    1.599600000000    2.850400000000
               1 C     -2.027900000000    0.681700000000    2.321500000000
               2 N     -1.164700000000    0.956900000000    1.119700000000
               3 Fe     0.011400000000   -0.019300000000    0.027900000000
               4 N      0.265400000000    1.529600000000   -1.003900000000
               5 C     -0.429000000000    2.355900000000   -0.484800000000
               6 C     -0.506000000000    3.703300000000   -0.982600000000
               7 C      0.147100000000    4.101900000000   -2.090100000000
               8 C      0.958000000000    3.107700000000   -2.793900000000
               9 C      1.004400000000    1.889700000000   -2.264800000000
              10 C     -1.197300000000    2.049000000000    0.625500000000
              11 C     -2.040900000000    3.093300000000    1.141400000000
              12 C     -2.841000000000    2.914800000000    2.208400000000
              13 N      1.225800000000   -0.941600000000   -1.068800000000
              14 C      2.294800000000   -0.756700000000   -0.558800000000
              15 C      2.414000000000   -0.012300000000    0.602700000000
              16 N      1.450900000000    0.468000000000    1.131100000000
              17 C      1.646900000000    1.314700000000    2.359700000000
              18 C      2.843100000000    1.528400000000    2.897000000000
              19 C      3.985100000000    0.895500000000    2.235600000000
              20 C      3.738900000000    0.161700000000    1.134900000000
              21 C      3.509400000000   -1.284600000000   -1.121300000000
              22 C      3.525500000000   -2.006200000000   -2.257400000000
              23 C      2.244700000000   -2.249100000000   -2.922100000000
              24 C      1.163100000000   -1.737300000000   -2.344700000000
              25 N     -0.288100000000   -1.580400000000    1.028300000000
              26 C      0.386000000000   -2.302800000000    2.163400000000
              27 C     -0.057800000000   -3.460400000000    2.640500000000
              28 C     -1.252500000000   -4.021700000000    2.008400000000
              29 C     -1.787500000000   -3.339600000000    0.979500000000
              30 C     -1.228900000000   -2.104200000000    0.499600000000
              31 C     -1.825300000000   -1.541400000000   -0.616300000000
              32 N     -1.424100000000   -0.511700000000   -1.078600000000
              33 C     -2.167000000000    0.098900000000   -2.236200000000
              34 C     -3.215600000000   -0.490000000000   -2.801300000000
              35 C     -3.628800000000   -1.778100000000   -2.243300000000
              36 C     -2.936900000000   -2.251200000000   -1.190400000000
              37 H     -3.436200000000    1.386400000000    3.709900000000
              38 H     -1.993100000000   -0.303800000000    2.774900000000
              39 H     -1.110300000000    4.425300000000   -0.443600000000
              40 H      0.074100000000    5.115100000000   -2.441900000000
              41 H      1.488800000000    3.347100000000   -3.695200000000
              42 H      1.595300000000    1.126200000000   -2.760100000000
              43 H     -2.033500000000    4.060400000000    0.648900000000
              44 H     -3.465800000000    3.710600000000    2.571200000000
              45 H      0.777400000000    1.768200000000    2.825200000000
              46 H      2.963900000000    2.136700000000    3.773000000000
              47 H      4.985500000000    1.011800000000    2.611700000000
              48 H      4.571500000000   -0.316900000000    0.629200000000
              49 H      4.447600000000   -1.092700000000   -0.610800000000
              50 H      4.446700000000   -2.387200000000   -2.659300000000
              51 H      2.179000000000   -2.813700000000   -3.832500000000
              52 H      0.196400000000   -1.899600000000   -2.810700000000
              53 H      1.273200000000   -1.863000000000    2.608900000000
              54 H      0.438600000000   -3.961300000000    3.450200000000
              55 H     -1.690700000000   -4.941400000000    2.351100000000
              56 H     -2.674300000000   -3.733700000000    0.493500000000
              57 H     -1.836100000000    1.057900000000   -2.621700000000
              58 H     -3.734000000000   -0.039600000000   -3.626000000000
              59 H     -4.452600000000   -2.330100000000   -2.658100000000
              60 H     -3.226700000000   -3.203700000000   -0.759000000000
